{
  "fps": 24,
  "frames": [
    {
      "frame": 0,
      "bones": {
        "UpperArm": [
          [
            1.0,
            0.0,
            0.0,
            0.0
          ],
          [
            0.0,
            0.0,
            -1.0,
            0.0
          ],
          [
            0.0,
            1.0,
            0.0,
            0.0
          ],
          [
            0.0,
            0.0,
            0.0,
            1.0
          ]
        ],
        "Forearm": [
          [
            1.0,
            0.0,
            0.0,
            0.0
          ],
          [
            0.0,
            0.0,
            -1.0,
            0.0
          ],
          [
            0.0,
            1.0,
            0.0,
            1.0
          ],
          [
            0.0,
            0.0,
            0.0,
            1.0
          ]
        ]
      },
      "activations": {
        "Biceps": 1.0
      }
    },
    {
      "frame": 1,
      "bones": {
        "UpperArm": [
          [
            1.0,
            0.0,
            0.0,
            0.0
          ],
          [
            0.0,
            0.0,
            -1.0,
            0.0
          ],
          [
            0.0,
            1.0,
            0.0,
            0.0
          ],
          [
            0.0,
            0.0,
            0.0,
            1.0
          ]
        ],
        "Forearm": [
          [
            1.0,
            0.0,
            0.0,
            0.0
          ],
          [
            0.0,
            -0.0013384489575400949,
            -0.9999991059303284,
            0.0
          ],
          [
            0.0,
            0.9999991059303284,
            -0.0013384489575400949,
            1.0
          ],
          [
            0.0,
            0.0,
            0.0,
            1.0
          ]
        ]
      },
      "activations": {
        "Biceps": 1.0
      }
    },
    {
      "frame": 2,
      "bones": {
        "UpperArm": [
          [
            1.0,
            0.0,
            0.0,
            0.0
          ],
          [
            0.0,
            0.0,
            -1.0,
            0.0
          ],
          [
            0.0,
            1.0,
            0.0,
            0.0
          ],
          [
            0.0,
            0.0,
            0.0,
            1.0
          ]
        ],
        "Forearm": [
          [
            1.0,
            0.0,
            0.0,
            0.0
          ],
          [
            0.0,
            -0.005292586050927639,
            -0.9999859929084778,
            0.0
          ],
          [
            0.0,
            0.9999859929084778,
            -0.005292586050927639,
            1.0
          ],
          [
            0.0,
            0.0,
            0.0,
            1.0
          ]
        ]
      },
      "activations": {
        "Biceps": 1.0
      }
    },
    {
      "frame": 3,
      "bones": {
        "UpperArm": [
          [
            1.0,
            0.0,
            0.0,
            0.0
          ],
          [
            0.0,
            0.0,
            -1.0,
            0.0
          ],
          [
            0.0,
            1.0,
            0.0,
            0.0
          ],
          [
            0.0,
            0.0,
            0.0,
            1.0
          ]
        ],
        "Forearm": [
          [
            1.0,
            0.0,
            0.0,
            0.0
          ],
          [
            0.0,
            -0.011770431883633137,
            -0.999930739402771,
            0.0
          ],
          [
            0.0,
            0.999930739402771,
            -0.011770431883633137,
            1.0
          ],
          [
            0.0,
            0.0,
            0.0,
            1.0
          ]
        ]
      },
      "activations": {
        "Biceps": 1.0
      }
    },
    {
      "frame": 4,
      "bones": {
        "UpperArm": [
          [
            1.0,
            0.0,
            0.0,
            0.0
          ],
          [
            0.0,
            0.0,
            -1.0,
            0.0
          ],
          [
            0.0,
            1.0,
            0.0,
            0.0
          ],
          [
            0.0,
            0.0,
            0.0,
            1.0
          ]
        ],
        "Forearm": [
          [
            1.0,
            0.0,
            0.0,
            0.0
          ],
          [
            0.0,
            -0.020679479464888573,
            -0.9997861385345459,
            0.0
          ],
          [
            0.0,
            0.9997861385345459,
            -0.020679479464888573,
            1.0
          ],
          [
            0.0,
            0.0,
            0.0,
            1.0
          ]
        ]
      },
      "activations": {
        "Biceps": 1.0
      }
    },
    {
      "frame": 5,
      "bones": {
        "UpperArm": [
          [
            1.0,
            0.0,
            0.0,
            0.0
          ],
          [
            0.0,
            0.0,
            -1.0,
            0.0
          ],
          [
            0.0,
            1.0,
            0.0,
            0.0
          ],
          [
            0.0,
            0.0,
            0.0,
            1.0
          ]
        ],
        "Forearm": [
          [
            1.0,
            0.0,
            0.0,
            0.0
          ],
          [
            0.0,
            -0.031926143914461136,
            -0.9994902014732361,
            0.0
          ],
          [
            0.0,
            0.9994902014732361,
            -0.031926143914461136,
            1.0
          ],
          [
            0.0,
            0.0,
            0.0,
            1.0
          ]
        ]
      },
      "activations": {
        "Biceps": 1.0
      }
    },
    {
      "frame": 6,
      "bones": {
        "UpperArm": [
          [
            1.0,
            0.0,
            0.0,
            0.0
          ],
          [
            0.0,
            0.0,
            -1.0,
            0.0
          ],
          [
            0.0,
            1.0,
            0.0,
            0.0
          ],
          [
            0.0,
            0.0,
            0.0,
            1.0
          ]
        ],
        "Forearm": [
          [
            1.0,
            0.0,
            0.0,
            0.0
          ],
          [
            0.0,
            -0.045415159314870834,
            -0.9989681839942932,
            0.0
          ],
          [
            0.0,
            0.9989681839942932,
            -0.045415159314870834,
            1.0
          ],
          [
            0.0,
            0.0,
            0.0,
            1.0
          ]
        ]
      },
      "activations": {
        "Biceps": 1.0
      }
    },
    {
      "frame": 7,
      "bones": {
        "UpperArm": [
          [
            1.0,
            0.0,
            0.0,
            0.0
          ],
          [
            0.0,
            0.0,
            -1.0,
            0.0
          ],
          [
            0.0,
            1.0,
            0.0,
            0.0
          ],
          [
            0.0,
            0.0,
            0.0,
            1.0
          ]
        ],
        "Forearm": [
          [
            1.0,
            0.0,
            0.0,
            0.0
          ],
          [
            0.0,
            -0.06104883551597595,
            -0.9981347918510437,
            0.0
          ],
          [
            0.0,
            0.9981347918510437,
            -0.06104883551597595,
            1.0
          ],
          [
            0.0,
            0.0,
            0.0,
            1.0
          ]
        ]
      },
      "activations": {
        "Biceps": 1.0
      }
    },
    {
      "frame": 8,
      "bones": {
        "UpperArm": [
          [
            1.0,
            0.0,
            0.0,
            0.0
          ],
          [
            0.0,
            0.0,
            -1.0,
            0.0
          ],
          [
            0.0,
            1.0,
            0.0,
            0.0
          ],
          [
            0.0,
            0.0,
            0.0,
            1.0
          ]
        ],
        "Forearm": [
          [
            1.0,
            0.0,
            0.0,
            0.0
          ],
          [
            0.0,
            -0.07872634381055832,
            -0.9968962669372559,
            0.0
          ],
          [
            0.0,
            0.9968962669372559,
            -0.07872634381055832,
            1.0
          ],
          [
            0.0,
            0.0,
            0.0,
            1.0
          ]
        ]
      },
      "activations": {
        "Biceps": 1.0
      }
    },
    {
      "frame": 9,
      "bones": {
        "UpperArm": [
          [
            1.0,
            0.0,
            0.0,
            0.0
          ],
          [
            0.0,
            0.0,
            -1.0,
            0.0
          ],
          [
            0.0,
            1.0,
            0.0,
            0.0
          ],
          [
            0.0,
            0.0,
            0.0,
            1.0
          ]
        ],
        "Forearm": [
          [
            1.0,
            0.0,
            0.0,
            0.0
          ],
          [
            0.0,
            -0.09834299981594086,
            -0.9951525926589966,
            0.0
          ],
          [
            0.0,
            0.9951525926589966,
            -0.09834299981594086,
            1.0
          ],
          [
            0.0,
            0.0,
            0.0,
            1.0
          ]
        ]
      },
      "activations": {
        "Biceps": 1.0
      }
    },
    {
      "frame": 10,
      "bones": {
        "UpperArm": [
          [
            1.0,
            0.0,
            0.0,
            0.0
          ],
          [
            0.0,
            0.0,
            -1.0,
            0.0
          ],
          [
            0.0,
            1.0,
            0.0,
            0.0
          ],
          [
            0.0,
            0.0,
            0.0,
            1.0
          ]
        ],
        "Forearm": [
          [
            1.0,
            0.0,
            0.0,
            0.0
          ],
          [
            0.0,
            -0.11978964507579803,
            -0.9927992820739746,
            0.0
          ],
          [
            0.0,
            0.9927992820739746,
            -0.11978964507579803,
            1.0
          ],
          [
            0.0,
            0.0,
            0.0,
            1.0
          ]
        ]
      },
      "activations": {
        "Biceps": 1.0
      }
    },
    {
      "frame": 11,
      "bones": {
        "UpperArm": [
          [
            1.0,
            0.0,
            0.0,
            0.0
          ],
          [
            0.0,
            0.0,
            -1.0,
            0.0
          ],
          [
            0.0,
            1.0,
            0.0,
            0.0
          ],
          [
            0.0,
            0.0,
            0.0,
            1.0
          ]
        ],
        "Forearm": [
          [
            1.0,
            0.0,
            0.0,
            0.0
          ],
          [
            0.0,
            -0.142952099442482,
            -0.9897295832633972,
            0.0
          ],
          [
            0.0,
            0.9897295832633972,
            -0.142952099442482,
            1.0
          ],
          [
            0.0,
            0.0,
            0.0,
            1.0
          ]
        ]
      },
      "activations": {
        "Biceps": 1.0
      }
    },
    {
      "frame": 12,
      "bones": {
        "UpperArm": [
          [
            1.0,
            0.0,
            0.0,
            0.0
          ],
          [
            0.0,
            0.0,
            -1.0,
            0.0
          ],
          [
            0.0,
            1.0,
            0.0,
            0.0
          ],
          [
            0.0,
            0.0,
            0.0,
            1.0
          ]
        ],
        "Forearm": [
          [
            1.0,
            0.0,
            0.0,
            0.0
          ],
          [
            0.0,
            -0.16771060228347778,
            -0.9858362674713135,
            0.0
          ],
          [
            0.0,
            0.9858362674713135,
            -0.16771060228347778,
            1.0
          ],
          [
            0.0,
            0.0,
            0.0,
            1.0
          ]
        ]
      },
      "activations": {
        "Biceps": 1.0
      }
    },
    {
      "frame": 13,
      "bones": {
        "UpperArm": [
          [
            1.0,
            0.0,
            0.0,
            0.0
          ],
          [
            0.0,
            0.0,
            -1.0,
            0.0
          ],
          [
            0.0,
            1.0,
            0.0,
            0.0
          ],
          [
            0.0,
            0.0,
            0.0,
            1.0
          ]
        ],
        "Forearm": [
          [
            1.0,
            0.0,
            0.0,
            0.0
          ],
          [
            0.0,
            -0.19393964111804962,
            -0.9810134768486023,
            0.0
          ],
          [
            0.0,
            0.9810134768486023,
            -0.19393964111804962,
            1.0
          ],
          [
            0.0,
            0.0,
            0.0,
            1.0
          ]
        ]
      },
      "activations": {
        "Biceps": 1.0
      }
    },
    {
      "frame": 14,
      "bones": {
        "UpperArm": [
          [
            1.0,
            0.0,
            0.0,
            0.0
          ],
          [
            0.0,
            0.0,
            -1.0,
            0.0
          ],
          [
            0.0,
            1.0,
            0.0,
            0.0
          ],
          [
            0.0,
            0.0,
            0.0,
            1.0
          ]
        ],
        "Forearm": [
          [
            1.0,
            0.0,
            0.0,
            0.0
          ],
          [
            0.0,
            -0.22150778770446777,
            -0.9751586318016052,
            0.0
          ],
          [
            0.0,
            0.9751586318016052,
            -0.22150778770446777,
            1.0
          ],
          [
            0.0,
            0.0,
            0.0,
            1.0
          ]
        ]
      },
      "activations": {
        "Biceps": 1.0
      }
    },
    {
      "frame": 15,
      "bones": {
        "UpperArm": [
          [
            1.0,
            0.0,
            0.0,
            0.0
          ],
          [
            0.0,
            0.0,
            -1.0,
            0.0
          ],
          [
            0.0,
            1.0,
            0.0,
            0.0
          ],
          [
            0.0,
            0.0,
            0.0,
            1.0
          ]
        ],
        "Forearm": [
          [
            1.0,
            0.0,
            0.0,
            0.0
          ],
          [
            0.0,
            -0.2502775192260742,
            -0.968174159526825,
            0.0
          ],
          [
            0.0,
            0.968174159526825,
            -0.2502775192260742,
            1.0
          ],
          [
            0.0,
            0.0,
            0.0,
            1.0
          ]
        ]
      },
      "activations": {
        "Biceps": 1.0
      }
    },
    {
      "frame": 16,
      "bones": {
        "UpperArm": [
          [
            1.0,
            0.0,
            0.0,
            0.0
          ],
          [
            0.0,
            0.0,
            -1.0,
            0.0
          ],
          [
            0.0,
            1.0,
            0.0,
            0.0
          ],
          [
            0.0,
            0.0,
            0.0,
            1.0
          ]
        ],
        "Forearm": [
          [
            1.0,
            0.0,
            0.0,
            0.0
          ],
          [
            0.0,
            -0.28010568022727966,
            -0.959969162940979,
            0.0
          ],
          [
            0.0,
            0.959969162940979,
            -0.28010568022727966,
            1.0
          ],
          [
            0.0,
            0.0,
            0.0,
            1.0
          ]
        ]
      },
      "activations": {
        "Biceps": 1.0
      }
    },
    {
      "frame": 17,
      "bones": {
        "UpperArm": [
          [
            1.0,
            0.0,
            0.0,
            0.0
          ],
          [
            0.0,
            0.0,
            -1.0,
            0.0
          ],
          [
            0.0,
            1.0,
            0.0,
            0.0
          ],
          [
            0.0,
            0.0,
            0.0,
            1.0
          ]
        ],
        "Forearm": [
          [
            1.0,
            0.0,
            0.0,
            0.0
          ],
          [
            0.0,
            -0.31084364652633667,
            -0.9504610896110535,
            0.0
          ],
          [
            0.0,
            0.9504610896110535,
            -0.31084364652633667,
            1.0
          ],
          [
            0.0,
            0.0,
            0.0,
            1.0
          ]
        ]
      },
      "activations": {
        "Biceps": 1.0
      }
    },
    {
      "frame": 18,
      "bones": {
        "UpperArm": [
          [
            1.0,
            0.0,
            0.0,
            0.0
          ],
          [
            0.0,
            0.0,
            -1.0,
            0.0
          ],
          [
            0.0,
            1.0,
            0.0,
            0.0
          ],
          [
            0.0,
            0.0,
            0.0,
            1.0
          ]
        ],
        "Forearm": [
          [
            1.0,
            0.0,
            0.0,
            0.0
          ],
          [
            0.0,
            -0.3423379361629486,
            -0.9395768642425537,
            0.0
          ],
          [
            0.0,
            0.9395768642425537,
            -0.3423379361629486,
            1.0
          ],
          [
            0.0,
            0.0,
            0.0,
            1.0
          ]
        ]
      },
      "activations": {
        "Biceps": 1.0
      }
    },
    {
      "frame": 19,
      "bones": {
        "UpperArm": [
          [
            1.0,
            0.0,
            0.0,
            0.0
          ],
          [
            0.0,
            0.0,
            -1.0,
            0.0
          ],
          [
            0.0,
            1.0,
            0.0,
            0.0
          ],
          [
            0.0,
            0.0,
            0.0,
            1.0
          ]
        ],
        "Forearm": [
          [
            1.0,
            0.0,
            0.0,
            0.0
          ],
          [
            0.0,
            -0.3744310140609741,
            -0.9272547960281372,
            0.0
          ],
          [
            0.0,
            0.9272547960281372,
            -0.3744310140609741,
            1.0
          ],
          [
            0.0,
            0.0,
            0.0,
            1.0
          ]
        ]
      },
      "activations": {
        "Biceps": 1.0
      }
    },
    {
      "frame": 20,
      "bones": {
        "UpperArm": [
          [
            1.0,
            0.0,
            0.0,
            0.0
          ],
          [
            0.0,
            0.0,
            -1.0,
            0.0
          ],
          [
            0.0,
            1.0,
            0.0,
            0.0
          ],
          [
            0.0,
            0.0,
            0.0,
            1.0
          ]
        ],
        "Forearm": [
          [
            1.0,
            0.0,
            0.0,
            0.0
          ],
          [
            0.0,
            -0.4069620370864868,
            -0.9134450554847717,
            0.0
          ],
          [
            0.0,
            0.9134450554847717,
            -0.4069620370864868,
            1.0
          ],
          [
            0.0,
            0.0,
            0.0,
            1.0
          ]
        ]
      },
      "activations": {
        "Biceps": 1.0
      }
    },
    {
      "frame": 21,
      "bones": {
        "UpperArm": [
          [
            1.0,
            0.0,
            0.0,
            0.0
          ],
          [
            0.0,
            0.0,
            -1.0,
            0.0
          ],
          [
            0.0,
            1.0,
            0.0,
            0.0
          ],
          [
            0.0,
            0.0,
            0.0,
            1.0
          ]
        ],
        "Forearm": [
          [
            1.0,
            0.0,
            0.0,
            0.0
          ],
          [
            0.0,
            -0.4397680163383484,
            -0.8981114029884338,
            0.0
          ],
          [
            0.0,
            0.8981114029884338,
            -0.4397680163383484,
            1.0
          ],
          [
            0.0,
            0.0,
            0.0,
            1.0
          ]
        ]
      },
      "activations": {
        "Biceps": 1.0
      }
    },
    {
      "frame": 22,
      "bones": {
        "UpperArm": [
          [
            1.0,
            0.0,
            0.0,
            0.0
          ],
          [
            0.0,
            0.0,
            -1.0,
            0.0
          ],
          [
            0.0,
            1.0,
            0.0,
            0.0
          ],
          [
            0.0,
            0.0,
            0.0,
            1.0
          ]
        ],
        "Forearm": [
          [
            1.0,
            0.0,
            0.0,
            0.0
          ],
          [
            0.0,
            -0.47268497943878174,
            -0.8812314867973328,
            0.0
          ],
          [
            0.0,
            0.8812314867973328,
            -0.47268497943878174,
            1.0
          ],
          [
            0.0,
            0.0,
            0.0,
            1.0
          ]
        ]
      },
      "activations": {
        "Biceps": 1.0
      }
    },
    {
      "frame": 23,
      "bones": {
        "UpperArm": [
          [
            1.0,
            0.0,
            0.0,
            0.0
          ],
          [
            0.0,
            0.0,
            -1.0,
            0.0
          ],
          [
            0.0,
            1.0,
            0.0,
            0.0
          ],
          [
            0.0,
            0.0,
            0.0,
            1.0
          ]
        ],
        "Forearm": [
          [
            1.0,
            0.0,
            0.0,
            0.0
          ],
          [
            0.0,
            -0.5055490732192993,
            -0.8627978563308716,
            0.0
          ],
          [
            0.0,
            0.8627978563308716,
            -0.5055490732192993,
            1.0
          ],
          [
            0.0,
            0.0,
            0.0,
            1.0
          ]
        ]
      },
      "activations": {
        "Biceps": 1.0
      }
    },
    {
      "frame": 24,
      "bones": {
        "UpperArm": [
          [
            1.0,
            0.0,
            0.0,
            0.0
          ],
          [
            0.0,
            0.0,
            -1.0,
            0.0
          ],
          [
            0.0,
            1.0,
            0.0,
            0.0
          ],
          [
            0.0,
            0.0,
            0.0,
            1.0
          ]
        ],
        "Forearm": [
          [
            1.0,
            0.0,
            0.0,
            0.0
          ],
          [
            0.0,
            -0.5381982326507568,
            -0.8428182601928711,
            0.0
          ],
          [
            0.0,
            0.8428182601928711,
            -0.5381982326507568,
            1.0
          ],
          [
            0.0,
            0.0,
            0.0,
            1.0
          ]
        ]
      },
      "activations": {
        "Biceps": 1.0
      }
    },
    {
      "frame": 25,
      "bones": {
        "UpperArm": [
          [
            1.0,
            0.0,
            0.0,
            0.0
          ],
          [
            0.0,
            0.0,
            -1.0,
            0.0
          ],
          [
            0.0,
            1.0,
            0.0,
            0.0
          ],
          [
            0.0,
            0.0,
            0.0,
            1.0
          ]
        ],
        "Forearm": [
          [
            1.0,
            0.0,
            0.0,
            0.0
          ],
          [
            0.0,
            -0.5704734921455383,
            -0.8213160037994385,
            0.0
          ],
          [
            0.0,
            0.8213160037994385,
            -0.5704734921455383,
            1.0
          ],
          [
            0.0,
            0.0,
            0.0,
            1.0
          ]
        ]
      },
      "activations": {
        "Biceps": 1.0
      }
    },
    {
      "frame": 26,
      "bones": {
        "UpperArm": [
          [
            1.0,
            0.0,
            0.0,
            0.0
          ],
          [
            0.0,
            0.0,
            -1.0,
            0.0
          ],
          [
            0.0,
            1.0,
            0.0,
            0.0
          ],
          [
            0.0,
            0.0,
            0.0,
            1.0
          ]
        ],
        "Forearm": [
          [
            1.0,
            0.0,
            0.0,
            0.0
          ],
          [
            0.0,
            -0.6022205352783203,
            -0.798329770565033,
            0.0
          ],
          [
            0.0,
            0.798329770565033,
            -0.6022205352783203,
            1.0
          ],
          [
            0.0,
            0.0,
            0.0,
            1.0
          ]
        ]
      },
      "activations": {
        "Biceps": 1.0
      }
    },
    {
      "frame": 27,
      "bones": {
        "UpperArm": [
          [
            1.0,
            0.0,
            0.0,
            0.0
          ],
          [
            0.0,
            0.0,
            -1.0,
            0.0
          ],
          [
            0.0,
            1.0,
            0.0,
            0.0
          ],
          [
            0.0,
            0.0,
            0.0,
            1.0
          ]
        ],
        "Forearm": [
          [
            1.0,
            0.0,
            0.0,
            0.0
          ],
          [
            0.0,
            -0.6332910656929016,
            -0.7739136815071106,
            0.0
          ],
          [
            0.0,
            0.7739136815071106,
            -0.6332910656929016,
            1.0
          ],
          [
            0.0,
            0.0,
            0.0,
            1.0
          ]
        ]
      },
      "activations": {
        "Biceps": 1.0
      }
    },
    {
      "frame": 28,
      "bones": {
        "UpperArm": [
          [
            1.0,
            0.0,
            0.0,
            0.0
          ],
          [
            0.0,
            0.0,
            -1.0,
            0.0
          ],
          [
            0.0,
            1.0,
            0.0,
            0.0
          ],
          [
            0.0,
            0.0,
            0.0,
            1.0
          ]
        ],
        "Forearm": [
          [
            1.0,
            0.0,
            0.0,
            0.0
          ],
          [
            0.0,
            -0.6635443568229675,
            -0.7481369376182556,
            0.0
          ],
          [
            0.0,
            0.7481369376182556,
            -0.6635443568229675,
            1.0
          ],
          [
            0.0,
            0.0,
            0.0,
            1.0
          ]
        ]
      },
      "activations": {
        "Biceps": 1.0
      }
    },
    {
      "frame": 29,
      "bones": {
        "UpperArm": [
          [
            1.0,
            0.0,
            0.0,
            0.0
          ],
          [
            0.0,
            0.0,
            -1.0,
            0.0
          ],
          [
            0.0,
            1.0,
            0.0,
            0.0
          ],
          [
            0.0,
            0.0,
            0.0,
            1.0
          ]
        ],
        "Forearm": [
          [
            1.0,
            0.0,
            0.0,
            0.0
          ],
          [
            0.0,
            -0.6928486824035645,
            -0.7210829854011536,
            0.0
          ],
          [
            0.0,
            0.7210829854011536,
            -0.6928486824035645,
            1.0
          ],
          [
            0.0,
            0.0,
            0.0,
            1.0
          ]
        ]
      },
      "activations": {
        "Biceps": 1.0
      }
    },
    {
      "frame": 30,
      "bones": {
        "UpperArm": [
          [
            1.0,
            0.0,
            0.0,
            0.0
          ],
          [
            0.0,
            0.0,
            -1.0,
            0.0
          ],
          [
            0.0,
            1.0,
            0.0,
            0.0
          ],
          [
            0.0,
            0.0,
            0.0,
            1.0
          ]
        ],
        "Forearm": [
          [
            1.0,
            0.0,
            0.0,
            0.0
          ],
          [
            0.0,
            -0.7210829257965088,
            -0.692848801612854,
            0.0
          ],
          [
            0.0,
            0.692848801612854,
            -0.7210829257965088,
            1.0
          ],
          [
            0.0,
            0.0,
            0.0,
            1.0
          ]
        ]
      },
      "activations": {
        "Biceps": 1.0
      }
    },
    {
      "frame": 31,
      "bones": {
        "UpperArm": [
          [
            1.0,
            0.0,
            0.0,
            0.0
          ],
          [
            0.0,
            0.0,
            -1.0,
            0.0
          ],
          [
            0.0,
            1.0,
            0.0,
            0.0
          ],
          [
            0.0,
            0.0,
            0.0,
            1.0
          ]
        ],
        "Forearm": [
          [
            1.0,
            0.0,
            0.0,
            0.0
          ],
          [
            0.0,
            -0.7481368184089661,
            -0.6635445356369019,
            0.0
          ],
          [
            0.0,
            0.6635445356369019,
            -0.7481368184089661,
            1.0
          ],
          [
            0.0,
            0.0,
            0.0,
            1.0
          ]
        ]
      },
      "activations": {
        "Biceps": 1.0
      }
    },
    {
      "frame": 32,
      "bones": {
        "UpperArm": [
          [
            1.0,
            0.0,
            0.0,
            0.0
          ],
          [
            0.0,
            0.0,
            -1.0,
            0.0
          ],
          [
            0.0,
            1.0,
            0.0,
            0.0
          ],
          [
            0.0,
            0.0,
            0.0,
            1.0
          ]
        ],
        "Forearm": [
          [
            1.0,
            0.0,
            0.0,
            0.0
          ],
          [
            0.0,
            -0.7739136219024658,
            -0.6332911849021912,
            0.0
          ],
          [
            0.0,
            0.6332911849021912,
            -0.7739136219024658,
            1.0
          ],
          [
            0.0,
            0.0,
            0.0,
            1.0
          ]
        ]
      },
      "activations": {
        "Biceps": 1.0
      }
    },
    {
      "frame": 33,
      "bones": {
        "UpperArm": [
          [
            1.0,
            0.0,
            0.0,
            0.0
          ],
          [
            0.0,
            0.0,
            -1.0,
            0.0
          ],
          [
            0.0,
            1.0,
            0.0,
            0.0
          ],
          [
            0.0,
            0.0,
            0.0,
            1.0
          ]
        ],
        "Forearm": [
          [
            1.0,
            0.0,
            0.0,
            0.0
          ],
          [
            0.0,
            -0.7983296513557434,
            -0.6022207140922546,
            0.0
          ],
          [
            0.0,
            0.6022207140922546,
            -0.7983296513557434,
            1.0
          ],
          [
            0.0,
            0.0,
            0.0,
            1.0
          ]
        ]
      },
      "activations": {
        "Biceps": 1.0
      }
    },
    {
      "frame": 34,
      "bones": {
        "UpperArm": [
          [
            1.0,
            0.0,
            0.0,
            0.0
          ],
          [
            0.0,
            0.0,
            -1.0,
            0.0
          ],
          [
            0.0,
            1.0,
            0.0,
            0.0
          ],
          [
            0.0,
            0.0,
            0.0,
            1.0
          ]
        ],
        "Forearm": [
          [
            1.0,
            0.0,
            0.0,
            0.0
          ],
          [
            0.0,
            -0.8213159441947937,
            -0.5704735517501831,
            0.0
          ],
          [
            0.0,
            0.5704735517501831,
            -0.8213159441947937,
            1.0
          ],
          [
            0.0,
            0.0,
            0.0,
            1.0
          ]
        ]
      },
      "activations": {
        "Biceps": 1.0
      }
    },
    {
      "frame": 35,
      "bones": {
        "UpperArm": [
          [
            1.0,
            0.0,
            0.0,
            0.0
          ],
          [
            0.0,
            0.0,
            -1.0,
            0.0
          ],
          [
            0.0,
            1.0,
            0.0,
            0.0
          ],
          [
            0.0,
            0.0,
            0.0,
            1.0
          ]
        ],
        "Forearm": [
          [
            1.0,
            0.0,
            0.0,
            0.0
          ],
          [
            0.0,
            -0.8428182601928711,
            -0.5381982922554016,
            0.0
          ],
          [
            0.0,
            0.5381982922554016,
            -0.8428182601928711,
            1.0
          ],
          [
            0.0,
            0.0,
            0.0,
            1.0
          ]
        ]
      },
      "activations": {
        "Biceps": 1.0
      }
    },
    {
      "frame": 36,
      "bones": {
        "UpperArm": [
          [
            1.0,
            0.0,
            0.0,
            0.0
          ],
          [
            0.0,
            0.0,
            -1.0,
            0.0
          ],
          [
            0.0,
            1.0,
            0.0,
            0.0
          ],
          [
            0.0,
            0.0,
            0.0,
            1.0
          ]
        ],
        "Forearm": [
          [
            1.0,
            0.0,
            0.0,
            0.0
          ],
          [
            0.0,
            -0.8627979159355164,
            -0.5055490136146545,
            0.0
          ],
          [
            0.0,
            0.5055490136146545,
            -0.8627979159355164,
            1.0
          ],
          [
            0.0,
            0.0,
            0.0,
            1.0
          ]
        ]
      },
      "activations": {
        "Biceps": 1.0
      }
    },
    {
      "frame": 37,
      "bones": {
        "UpperArm": [
          [
            1.0,
            0.0,
            0.0,
            0.0
          ],
          [
            0.0,
            0.0,
            -1.0,
            0.0
          ],
          [
            0.0,
            1.0,
            0.0,
            0.0
          ],
          [
            0.0,
            0.0,
            0.0,
            1.0
          ]
        ],
        "Forearm": [
          [
            1.0,
            0.0,
            0.0,
            0.0
          ],
          [
            0.0,
            -0.8812314867973328,
            -0.47268497943878174,
            0.0
          ],
          [
            0.0,
            0.47268497943878174,
            -0.8812314867973328,
            1.0
          ],
          [
            0.0,
            0.0,
            0.0,
            1.0
          ]
        ]
      },
      "activations": {
        "Biceps": 1.0
      }
    },
    {
      "frame": 38,
      "bones": {
        "UpperArm": [
          [
            1.0,
            0.0,
            0.0,
            0.0
          ],
          [
            0.0,
            0.0,
            -1.0,
            0.0
          ],
          [
            0.0,
            1.0,
            0.0,
            0.0
          ],
          [
            0.0,
            0.0,
            0.0,
            1.0
          ]
        ],
        "Forearm": [
          [
            1.0,
            0.0,
            0.0,
            0.0
          ],
          [
            0.0,
            -0.8981113433837891,
            -0.43976810574531555,
            0.0
          ],
          [
            0.0,
            0.43976810574531555,
            -0.8981113433837891,
            1.0
          ],
          [
            0.0,
            0.0,
            0.0,
            1.0
          ]
        ]
      },
      "activations": {
        "Biceps": 1.0
      }
    },
    {
      "frame": 39,
      "bones": {
        "UpperArm": [
          [
            1.0,
            0.0,
            0.0,
            0.0
          ],
          [
            0.0,
            0.0,
            -1.0,
            0.0
          ],
          [
            0.0,
            1.0,
            0.0,
            0.0
          ],
          [
            0.0,
            0.0,
            0.0,
            1.0
          ]
        ],
        "Forearm": [
          [
            1.0,
            0.0,
            0.0,
            0.0
          ],
          [
            0.0,
            -0.9134450554847717,
            -0.406962126493454,
            0.0
          ],
          [
            0.0,
            0.406962126493454,
            -0.9134450554847717,
            1.0
          ],
          [
            0.0,
            0.0,
            0.0,
            1.0
          ]
        ]
      },
      "activations": {
        "Biceps": 1.0
      }
    },
    {
      "frame": 40,
      "bones": {
        "UpperArm": [
          [
            1.0,
            0.0,
            0.0,
            0.0
          ],
          [
            0.0,
            0.0,
            -1.0,
            0.0
          ],
          [
            0.0,
            1.0,
            0.0,
            0.0
          ],
          [
            0.0,
            0.0,
            0.0,
            1.0
          ]
        ],
        "Forearm": [
          [
            1.0,
            0.0,
            0.0,
            0.0
          ],
          [
            0.0,
            -0.9272547364234924,
            -0.3744311034679413,
            0.0
          ],
          [
            0.0,
            0.3744311034679413,
            -0.9272547364234924,
            1.0
          ],
          [
            0.0,
            0.0,
            0.0,
            1.0
          ]
        ]
      },
      "activations": {
        "Biceps": 1.0
      }
    },
    {
      "frame": 41,
      "bones": {
        "UpperArm": [
          [
            1.0,
            0.0,
